1000
-20817485 -87516053 -89411147 61058123 -83876283 3909777 29600373 -39916969
-23187702 -25305639 -91251526 -11626259 -71692097 -41717926 -17453574 -84402035
72506174 -10566452 -98232101 68657703 20648094 33184581 8872156 -24688027
-2483746 28077625 -71088997 73836562 21053438 -97865595 64011114 51101884
-24017969 6881422 -7541796 -26053412 -12076396 -42261906 42677059 -21671882
73889208 -6726588 -62653027 25421748 -78369405 62681167 -26400491 71962353
33789678 -585372 66685422 -77861577 -96379905 -37128840 -14000387 45997934
3611790 35276879 -36458132 -11953908 -25001226 55763811 39029592 -25322107
10683247 -42353410 -87608290 21426480 65823870 -91400162 27674361 14768080
46756488 23439780 94768495 -72625318 -4162393 83450407 -46318623 34835087
-45521884 -43051350 -59953116 -78361191 -64551017 41872690 47481788 -86889130
-79118192 46460269 70334797 52646724 94196226 -45369033 -96670656 -81874603
54243819 62669080 -85261499 63984004 50289456 52173028 -93861518 25189839
71740267 -48082658 -24618066 -19819685 -31897335 -41375069 -49839674 20161383
-18404499 28706781 -66432025 -81949877 15716927 17390783 -60771091 68810556
10164802 99280839 544672 -80636399 -61734959 75027636 20571853 -7874480
20110435 76643098 -26869137 33168527 68711906 -10302627 84545630 2305087
-49189833 14857044 -50101458 83531641 -33509245 -32698527 45008205 62256877
-3700057 -49826586 -28948778 -34510556 -78937008 85279220 2408469 -63146964
23440170 -54072056 -46180798 51008617 -48371644 86774881 -13075203 96712631
31345488 83256414 60069879 -8540434 85494067 16991799 51449476 91898128
44161151 31262887 67239956 -99140118 -32507759 -44302732 2319800 -57136672
-45727367 38287794 23063657 88091627 3976413 -44917591 -28937472 34831215
-25765372 -63722173 -90271643 22783961 -64121830 -66462987 -49323269 -35964715
-72067754 -46814090 -47813847 -16765659 7231594 -46451362 76762809 79308144
-1276063 -20846906 21328293 -10199896 -81960736 1548587 69360794 -32257098
43608143 -89044127 -3264017 13340562 -36288777 -1166830 -7263783 -23736922
12193886 -74761336 -82775062 49216240 7263441 -71334486 56019957 10624137
-19413844 3204670 72927635 -85693670 -96488886 -80914541 35631734 -99276006
61524984 43755513 -10632311 -75176681 33754116 81262423 16791951 72686041
-33082968 41985454 79175817 -75077704 36801030 37336169 -99675938 29099076
60449693 75923074 71040455 -18007071 -63676300 -72453431 -27955298 -29941578
23133136 -89295845 -90786052 14834593 28620951 55054464 -35768213 24522684
-24675862 -3988012 51815577 19955710 -90534520 -32087103 42508962 30931463
8446713 -55461103 -17700792 65277987 -50510303 31097660 73823107 43249986
2880608 -56171441 -46143364 -72411960 -51954996 -46361196 64400294 33978415
-28289189 -80690733 1690183 23049960 72048474 -98042643 -55934911 11862567
-22246333 -45346867 49598158 -59210959 85520592 -19631648 19633595 -7463205
-66585888 -59891009 73546216 91784803 45247360 6766714 -79431275 92035475
-63118952 -34036038 -88046015 -15207609 1197827 -63356254 -23522320 -78314667
31611694 -82162839 -51755102 90156213 66222714 -80540998 58882988 6489355
-99526193 70436640 -12475681 94836564 81499502 33034065 57729394 -77487745
24194963 61319841 94173928 -92063988 -19907412 72615491 88731054 64944096
98740541 9654707 -13831089 6084512 90003371 59272697 -89335260 -58890080
78175452 27912824 9177347 67683430 -67876547 29477381 26314080 -86044891
-18773997 -32943139 91310995 74810720 -80757605 -74267839 -89464028 3846982
8234567 89441729 60597428 39877986 -57530182 -31458333 41592745 58996202
-70893894 -16699199 91415671 -43431994 33290090 -47201524 16485983 -58798891
59771900 -53585601 -83338889 -46413322 -76143282 90045964 90388802 94717581
-64994240 80218818 26710009 -86964274 81304495 -86079666 45701701 73008380
-881265 82321929 97849944 -99438358 98675269 -29213247 98640101 9633785
86320078 50181144 38577323 48822651 38061710 -30253926 -19334981 -71572474
50570877 50109886 -84961180 72827995 -90928951 56949293 -20009737 18188603
99052927 65879846 4872225 -37749000 41831658 28557019 77691707 -84814228
37599100 -81592710 57449271 50968160 -45051469 15924341 -57474161 -11014854
-52225703 7027326 -32733400 -26324426 -48531360 -58433850 -43344129 65259686
-446202 -1717518 -37535151 -68805392 98881513 72873705 63937330 42169441
2331665 -20338659 -98491285 -67204577 65914527 36389101 67802126 -42236941
72489436 23391551 -88776449 19654419 12296802 29696858 73478995 -65353464
7584046 26053674 25053698 2043723 -10317307 -93685311 -33280038 57486776
9223974 39612539 62697201 -56450825 -33907830 46497098 -83695742 64725395
-45530041 -84720170 -51363506 75287189 14415625 -90269585 23070618 11385196
39225199 -90496459 1186137 28077089 -69657401 37001452 -47037117 69856940
24803487 -72181688 23610561 -27172161 -52179993 -38106393 -47513253 -3983024
-87058621 -55978062 23571449 -73698012 73691899 24252951 91670889 -74007663
7087293 -53501845 -34815541 -2983028 -18939637 98191805 20230910 -2146369
-97016945 -86331499 62818524 -19820848 5128551 38642873 27144177 72222522
-13350344 92840261 18745688 -61726143 -77113463 43476418 16905388 92576352
62793082 52619518 62345810 -29606313 -13841034 -3231370 37693296 -85027752
-82167348 -24806201 -79010204 83844443 -28183008 55945910 -11203424 26611681
7587401 -74243070 -30155216 -65848495 -924918 72307595 90888424 -25701495
16877761 51348926 39652331 80851638 -94492738 53397031 -96894200 63610874
29592767 -27391893 34223890 28440845 -64154005 -50162777 -88305336 6214425
-24024795 47846276 -37653500 -70065248 17653077 43299734 405530 30703745
4043684 92134006 30686455 97129606 -26368366 -17246118 -6498731 90485487
61731093 -11952696 53515925 34810040 57116298 56841658 -90535015 -35564380
-27912001 -42621079 -45748325 99208885 -78277980 60355731 -9234314 -42249822
-85937734 63630358 58176300 51228806 9961095 60953672 56645428 73578027
-49056604 -91051414 -23192047 -86626744 -77289425 -94023806 -10020760 -53161116
79106837 43738403 66709751 47798690 -3678703 -23115376 49098127 19133546
38381290 97910879 57846752 -39725845 -10951942 1196644 8981725 43687953
1368319 -27063723 83067340 10001276 24577582 42272463 -19475609 -99222579
31401876 79937898 -16133357 48167711 -19966295 96091728 -58274956 -33888196
67399681 -92587210 -79897952 -22016384 93645980 42966996 61428880 37177642
-85467770 -60957247 -87152485 12050215 -96893081 -3628728 -15470032 49746751
-33140 33119999 12004937 49774298 -77091146 79977964 22261302 -63165626
-36785989 65932330 -83603186 16383399 93017980 -99069585 -60900160 42289562
56185834 -8265052 -7125526 -18364732 -18905404 -69001892 50041973 58401323
11507397 -54110303 -4530955 -14465172 29424947 68474176 97670501 -64969397
-4592070 34119891 -51799149 46913706 -15913210 -8049254 -56797050 87421717
-14848512 83267673 -85230395 -72286351 26570181 -54954520 44159661 -86398185
99942913 -29442047 55864380 11371971 -96503203 -97105300 -31347845 -31031248
83078025 53603614 -61733100 77019156 -15491082 -63273527 7409426 -5260165
68261828 81366210 -79024531 -41101911 52729564 -7813866 -41797229 -35764912
-51468003 5452757 96483779 -2173078 -83771498 22328323 -68168859 -33538084
1730036 -18132770 -14408085 -41133006 -87390205 -13701471 -68466195 -7486771
-34532264 79232098 63835680 30483176 -46316155 -33816206 2912798 -51574985
-24141753 20029770 -40548179 45203970 -75929989 -14738428 -39127750 7756779
-87644819 -8370708 -37160026 -1955960 -93589080 70825232 -47259751 -39250298
21772472 71804984 -24710881 -97358312 51134557 -51457568 -17869961 -18036701
49832405 28462239 93430352 73497466 28350453 27719594 -89448758 82348202
-97460042 48058764 -78031325 -3801268 -37123498 -13372829 -57608095 -83531536
-79005021 77835135 -53488188 20980503 -76541445 33489765 -13897691 -5357497
26491848 3085978 -91289296 -18121139 90894675 271110 -2709543 -72684186
-62100270 77488521 95371565 -4392228 -8168781 -12625216 79406325 -15364414
-18921951 -19508229 -4495919 -41647844 48856556 56541517 97873199 -64854700
29413079 -41179345 81646708 73299421 -97969381 61149536 -41495257 -83657361
-57640070 -1212151 -52994383 -74735525 19008890 28672381 91453527 2268848
-49231694 94652860 -41700999 -14612020 -8744395 46784132 24637245 33620195
98428810 61876226 -60097547 42966783 -62014317 -72249848 45785947 69950331
5212778 73565403 52465782 32074019 18624401 23991035 -74714805 -23249806
18983777 79028925 -46752158 93043370 -59630833 54141850 65626696 52405667
-10961756 93235233 -92416151 54203695 -1757485 12485218 43889694 82628946
34183409 -51973488 74870611 -59845608 21247082 15537960 78356956 -85390223
53001902 -22944715 20051696 45443486 76206599 -40620493 83644446 26777270
69367665 81548806 66404202 12226680 -6463710 31593875 -6748972 -55713041
96249530 -12503214 -46071461 -55249551 -79833697 91582251 -28292185 92727560
-70324291 69836835 97890609 -29402111 49120424 85130802 55503112 -96554183
-99328031 -61361935 -59958533 63313881 -65909847 -79816791 76199068 -70341264
-90409213 -19193422 84836030 16693709 46081015 -68336986 -10907345 -97410466
54775484 30583651 -56095138 -66249704 -38390580 33606506 94443473 61419650
-94652530 27324136 15767777 -93630237 -38511103 13046557 77656846 84236862
-73954306 62958385 11554710 -45101775 -8447593 29937147 -89803194 76066320
11297717 -75730197 -64840338 39359724 -93253780 55014106 -53353456 98012694
-19255821 95301075 15822404 -81463228 41225939 21752816 41836396 -32934538
-55805409 -21378184 57966411 6766016 4415432 69829304 68169838 -3455770
3149731 -99400833 -9351986 83122630 20108303 -65805570 11037127 -75161663
20386845 -32161458 22452578 -62660383 -1553156 -44916251 54673430 -49666637
-19322408 17755082 25625583 -33812178 97224152 59120074 -56989078 4292878
-78878012 -55510752 -89296366 -87069410 71970736 3430789 -28349113 41468412
-43900036 38615431 -63790008 -93852947 -35633909 -36476086 -22095610 -53450251
-15736053 -9015933 -1850074 -26612603 99300237 4496779 68618618 89110841
23948386 7633047 -73911576 86660350 -55796279 1982015 -679923 44029657
57588244 86355136 62000641 -24380945 -76509204 -1893463 -47132399 -83043944
96187655 80984166 81239652 59831412 -81126244 48526377 85967272 -82846323
-60149308 -20924166 81923875 6240085 -39029853 69623525 4992641 16625209
-24129370 -78407208 -11017797 -35662311 -22657636 -15009463 -2735309 54117948
-60704646 -7819665 -51441192 -21989045 1523272 -97714666 -76941048 86157409
-61883534 -18806130 -22800258 -81683929 23257126 -91212795 70237085 75422009
21665774 -91065253 46809657 65127886 20058140 93079992 -16940491 87964719
-18637505 -54624568 99748425 -98101997 -90875667 88529912 39613691 11197117
-16280526 -72878297 20536058 26693421 -32431 7956317 15630405 -62434643
-43983119 95766465 -31876382 79776277 -7576218 -13323431 93368082 -32916576
-48644293 13560194 42671914 -31592383 38180879 32136805 -65940192 -53784639
-90879175 -39405912 96648459 -43852161 -97463091 -78839051 77033075 -50413446
41580178 66002624 34596596 -3864578 -11748854 -56456337 -24545560 -86290543
-6695659 9244300 9111004 24291675 24956373 3283232 -4459064 94685925
-47992650 32665000 50542296 -4435861 -54142003 -28793926 73016238 51582669
93061895 -25679303 17572595 -60626520 11307857 -40517435 -64971553 -65144068
-81266611 -81462936 -61803902 26421158 52079973 -2767340 78832278 -92187957
-61894246 28962457 75103275 -71063422 -76974200 9768133 21258987 5837593
65053151 -98037466 -95859511 -30128092 -29381348 -18531064 -96271444 -29625896
92986386 83013927 3073526 -86069551 25971067 -63919041 2401599 -66178225
-25784148 -25744928 5558285 6419308 -34912867 69119778 -57394048 54774690
53832722 42730253 -42541615 16895540 -3897202 44079659 28556868 -16706238
53061709 -88264998 -25679672 9345323 -44657924 65156538 64237280 37264453
-85191492 67821994 33434771 69066045 94159133 64901828 -18159025 -97975206
-73439143 41281500 54720726 48770728 -95790153 -85160322 -59249540 95933373
59356581 -50634201 16039186 27888399 -75989450 -13166985 74271306 -51093273
-45542941 -80220236 -39131261 14236065 61760631 93056276 78479699 9059313
10017792 68293832 -8389200 -2734861 -64314994 -26460093 60615556 88930893
-39110723 -44566409 -9665317 54821298 89358932 79786139 -20916085 38222031
70984541 -21613046 49988741 -94023723 -50882648 -63651120 13253903 27975492
93550688 -15471957 14608985 74379369 4033089 67604909 -59735837 -66495420
62801800 -54338588 -61247064 -64083985 23228877 43485321 60248366 -14183326
-11249758 27108292 -33000879 68576958 96498332 -80549993 -40452206 -25329081
40695849 22646708 43251524 -16626324 -56932465 72503422 -40058039 -26331089
-44960072 63635308 3714450 51156962 58930921 86236187 -15102196 -6715633
-84830572 -43169898 92019497 43697520 41033203 -56832101 -85006847 -72500780
18138588 -35827934 17226034 22009060 69349759 44676944 31477159 74100680
-75019751 -60061934 -66316480 81386381 -75646615 56890487 90437045 90298378
85719451 65084025 80876086 59593569 -60229130 -90908597 26885753 2514054
-57789512 73714753 53407530 39668230 -72569490 15850274 33637716 -2472051
7653554 15752303 65235087 78895469 -44722613 37932901 4319152 10362984
-67841852 29613770 26176713 18992854 52552667 3511423 -31069018 -41721060
-33606943 -98278881 57978069 75949177 -37708188 -44600417 87728350 9047184
37286312 -85288021 -20201428 95635005 91269413 91808929 46670170 9129975
6300350 36155570 -26267174 8601082 91655399 -88458424 35020990 -52213450
-39235127 -29486899 27435421 10157099 -17085310 -92107101 49961387 38699064
4783771 -4871411 -26724827 -74290610 57872204 57688538 -64763864 -47746030
28023953 -43812097 -58390844 -59434592 -41865672 8684146 19093571 -59650781
82943600 -82953262 -87307496 -83602904 -70221404 60329899 -33376459 -45148520
-33299872 10191519 15184304 91778710 27964162 -22428750 -73867506 29393413
-35249408 41099507 -9148767 -3859177 18533755 20960779 51257770 48611811
919434 -78521144 80577129 35467496 69932419 -5544418 89652221 52080726
51419530 -12913799 27213499 -34132049 95200394 33564290 8920468 44453871
-71494952 -81576308 59009261 -52319315 -57495767 -56542575 24289807 -49547298
-69944592 12215743 75814815 17034821 -82167087 -77047253 21815463 -38017180
-34211033 -35919308 15477662 -91700261 79752770 31156045 -15080939 72244546
20539297 63103578 -59640820 -59122039 50357751 60264542 34193018 31186302
-67820962 46397361 -32364225 110063 61951517 3577084 6107578 -42537992
-2810952 30124426 5412087 -42283324 18640766 -27382601 34247812 28466782
65270738 -34769322 -99921017 31119701 -81913373 620728 64701100 -2650997
33504631 86764715 27141387 -20599345 -96901755 -16588154 94951 -30209135
78022724 -55371488 -15144217 -28564449 55316972 -78294600 31302 62211883
57973114 -41984346 11110690 -50371656 -74256043 -72797615 -46396221 -52078102
-71144235 11892397 -24392777 -14872928 60185558 -96926684 13099675 31558310
81696261 70286771 66605432 75186802 76435696 -73293078 -45636237 -86222798
-69970526 -64378779 -20306049 -25987746 87761616 -37187739 73149810 43565338
65199375 -62132900 73146587 60070972 89510037 15072756 -28394954 6302246
33160935 -20780511 -49455111 -8794153 -92195377 -85032121 9605307 74949408
31528837 53297473 -10260710 85030201 -44900033 24844499 85776186 31266191
-96348109 -2666512 -80401131 90122735 47508433 79591525 -39839718 66043503
38742587 32041884 19927696 22318458 -70073271 53028702 42048272 -33376496
-1318275 -39696814 -57974133 -2783793 76162033 63157915 -94027421 -84938405
26015914 4744543 42483416 -65535857 73072971 88119608 -11534630 -59645124
-47909086 -58119605 56419081 -7823451 -4526114 -18517690 58793812 53569410
-80940793 -15498615 52463260 -24237262 -4959818 87286848 45022679 78500135
-88750800 -76884215 -13651525 94796781 -17181368 -11440022 55104158 -59506025
-8639091 -95462726 -35893180 -57236110 -62891891 -74303862 92970532 50622978
-56423486 -20427180 -29772457 88046334 96609620 -50128278 71149618 -82800586
1509373 -11543543 -21843000 -8339353 -89305346 30209840 20021413 38729065
59721864 63983280 -76785058 49957186 1771133 -6331412 57536243 63530935
-13223764 15925105 -99184360 -9063388 -82624510 16029921 16461300 93363068
-8469147 -98159718 -67813776 -84532638 17059305 56976344 81890515 61377477
-48033834 -30850940 -6712593 94362175 -89597023 -36556489 -70200679 61151068
-15484139 25377754 -16957974 -26875172 -97518805 -56986655 -51148155 49907925
22036577 6696607 1270097 -19315486 -50943918 -19786994 99823924 85479451
71995156 -15206068 -99870207 -91145628 -1976384 4554050 -78330240 -97254481
82092765 -38162536 -2008981 -67377928 -99618819 63174067 53127958 -76667275
-13874216 -60335429 -93579249 -8002265 -67012105 -56663529 90881872 -51482493
52988437 -17721702 -6569215 -89637303 -44293753 1206000 12321395 71753160
-30674864 7807956 -77632981 25609045 -36686283 -79055051 -36872549 79961810
3707993 -19703493 -8967937 40643731 45022326 -83770228 49526744 58862509
53568649 -22062628 94558730 -90608490 -26207745 7826188 52491556 28658684
-6087941 51612286 -44134065 -84254683 -88876735 -88692937 47039271 -19113236
49516069 26237859 63296935 -7426776 40807048 -72481088 60019007 -34819165
76537119 -73541060 88289741 52691388 52304408 -49761859 3495181 36758664
32751554 34568275 -43205953 77768874 6647270 2929884 -2039095 61498948
55316399 -6291666 -68303015 11701431 65079013 -52617866 68838544 -7599070
33257235 -89854701 91127661 -81215534 -47067163 -43046481 -81944540 26049737
17918365 29377894 -67145609 -52666686 19536446 99800167 76354276 -56326082
-51882896 19107271 -17006237 -23445011 54513015 69270396 74239493 -53413815
-71723046 -98202013 37256825 -52901286 95821926 -51682425 101821 29154985
-42379604 -4111189 -80565848 42159108 -40889520 -15289285 -16174173 -24201965
16512815 30744310 -40149491 77269375 -29924507 -49372409 -58037499 55516231
17354058 88023067 -36415673 -54028258 64388370 -7716446 37887914 63986838
-64094195 44541475 90507512 -48865151 19696694 70956746 30227810 -30399211
-70723927 3699405 89712917 -76352366 80366015 -65804833 84563438 63406389
-64718557 -92804272 60042174 -76231295 9419887 96970118 76510692 77649362
59835486 81740593 29744656 -92201141 84733248 -45869922 64766615 65336841
58000897 -44552687 6253303 14569004 -5796798 -67309023 56101340 45556068
-99483501 90249720 47993302 66376087 -39085327 -81685134 75150216 -16841110
-96540371 177937 -89309702 57192642 32241380 14119208 -45433049 -61064313
68030783 -87141851 -8700637 37956101 -58787910 22428951 -15132459 75145994
38932790 -75623924 -34353263 24918701 27941864 -30005566 -30796814 -97409534
-48905613 -85513895 -76747794 19170166 -51023185 -89865396 16734689 41520619
-93409624 -53414235 -95660770 -15444690 -56560220 -92426027 -66904539 -56118312
-99119639 -32682385 46538221 -18654947 41391614 -81854761 4343978 -21912453
5382178 72847308 -72556703 -63461403 52668128 -49768486 55217025 33465194
-69025249 -91900168 6098254 17755274 -9132999 35396784 89958871 57896178
-3876540 49778743 31365724 94626324 18089721 -99687770 31706214 31358817
91280614 -78234951 24038339 -39375752 23456212 87858133 -38801148 -67050852
10142127 45164659 -86212012 -23870493 82691306 -19803909 88852490 56358861
-8631261 -29125965 -46419441 -64660053 1475718 15340187 53014686 -34516423
-22641257 88642042 85221593 91612870 -13220486 9717653 59997825 5069948
-58858907 -3915520 -54742017 30903079 26193174 -5407223 -89991018 -56883383
46900979 -26850894 -92386854 45702342 21608796 13829364 75204871 -84072632
60926253 75006862 3257584 -52784314 46731671 -3633734 -70116902 -24059573
-31249638 -41445238 83265504 34814170 -97363460 -30414018 46169633 -99575527
85166833 8718039 -65011587 -13393174 -65061892 -42050589 -69834314 96775962
-39134947 -89536059 -11561033 -71673389 7727040 -92687656 43874780 63529379
-86562829 69294224 -69313383 11772651 -93539932 12782139 58338276 44774826
-33798618 69317556 -37847284 -32361588 11327272 -24805189 -59519923 -22685003
26979473 -92811328 60535509 -87109244 -21159050 -11401955 80989259 2976841
44841176 6481622 86350633 36267730 -92072702 -98443514 68213386 -38561982
14679982 -80263875 21376998 -66657685 -61100635 -65603019 93964405 -27615306
50379763 -9786413 -79594556 -34379448 95796694 62527274 -14551311 85670241
69983863 -88876030 1347138 538367 -53223166 30984023 -15311572 24839126
88304965 27709775 66931475 -21554 26431505 -77929454 36847527 -35355105
-98895831 -99285302 52958429 -8408854 53817813 -92862238 -61584368 -7417508
-86775733 -11849186 -37489007 88627363 -31807399 15368706 7180147 82313901
-78967068 -99319608 66283866 96803328 209348 -32324982 -85338817 83695959
35047696 96537872 -54962651 11189589 -32534495 -6014041 45953188 28309217
53366059 55760548 -35483617 95081996 -90431156 93857543 -68147572 62846101
72708337 -91235354 -12685901 58626019 -31526971 -3938935 -43353475 -27063741
-79470372 84617573 -21054487 25751113 -44213321 40044199 64435546 33429150
86053514 69262470 56543449 57279940 62100412 27226042 -74883014 19238308
42197626 34201776 -64738696 12432052 -49147677 12098150 72745057 -72824611
68827964 -96562235 -75905010 -8555298 80360918 -43964837 15222929 -61013369
39891347 72101090 -9340039 -17152069 -84959555 -79797925 -27477463 -86678140
91325001 31087232 -90971519 -59693627 -62685907 -25427513 -99254311 -54517705
83647660 68075791 -83571607 34271253 -39200239 44214472 -77916065 8431477
-88127484 -48229876 56923149 -47651086 15949208 -27009156 53068231 30018350
-45960459 17556818 -82611408 89999321 -63433919 42269054 4197863 21995551
-38320762 -78060557 21107050 19765090 3069668 32438683 89861296 -5744524
-97307925 78612695 7797041 -87714873 -60393230 80951676 78186870 95676874
50017154 82228483 -29024585 63270321 -36721075 -79826377 -2627349 18334156
78019000 -20989869 86266832 19757274 -42816106 -89253633 -91083787 -58621395
-36122072 -5567158 -27407986 -61139683 -76892579 2318844 -94638191 -20566167
-38091173 -37332327 -50343162 37336512 65193803 40783104 -9588420 -26912135
39369948 -78288282 -60017834 -45662402 -28706361 40927541 -41283375 -58494385
24566792 -97227107 41746090 -75940463 46171850 -29895979 -62928419 91945707
69696482 -33581564 48407199 45173928 8359662 39326552 72569452 -52301690
76866674 91541581 1361493 -99388748 70516784 60036139 53140353 -62764104
88598551 13178967 80387326 -64527824 70764201 54578615 70084966 22950386
-64283784 -68913601 14293525 -79665472 60572754 81302271 33261982 91804806
-74403909 -42288869 67640030 -1224633 92375904 45237651 64728203 -99956605
-50857735 92283856 -22529077 -20247943 -60433953 -41894627 -29011170 64530652
-50367461 4510194 -64539014 -67007117 -10283306 -98400596 -78818494 -84882134
-3666531 -74543187 9457712 -22726738 -74966973 52234924 -12874445 95564402
-41720401 9556687 75015161 12805653 92396108 -45635014 -55140009 -56639101
48450764 80343930 86329911 78480344 -22892309 -9667091 -16615662 77610843
60097568 49762872 70701988 -43937440 45841285 269098 2088111 -76003314
-63470376 52522164 -97558103 66919091 -64220061 -12545060 75010368 -3092660
5158300 -18093480 -78527542 30009360 -16909789 58183176 72134544 95267553
-40349798 92100086 -15457881 9372763 -84730507 -57298839 38010174 -93999440
42072474 31846869 17175694 -24729845 81532936 -68937005 -50276883 58010500
-92531425 51018474 -23723972 -60126056 -48076911 -22059100 -92419040 -39004177
-94666438 -10577429 -26677957 95201171 -31139550 53374978 -5479369 -98085609
77628328 75434435 96412358 53741199 -84273022 92715347 -91272807 93828462
-85488011 96441337 -75153383 3933070 70279245 -259787 15374403 -25904695
-67816597 -36538043 22540784 32071736 -18092852 32260599 43344463 81709301
84519125 -76453705 4039201 25846921 69379118 42809003 37140109 88697495
-62673763 15261302 -2358174 -93901499 -65349363 -4018082 42283521 -85246772
42291281 -17552435 -74638046 -44518249 -46905717 3647890 -9283422 5593349
74048167 99226738 63017767 -94601507 -69165807 62448894 20007243 -54632272
-67910029 -85296944 69222073 92180683 -11323854 -17119729 -75550656 -28297014
-40698772 -63850879 -33393168 -44982058 -97901614 9275902 -60555333 36201485
21178436 7787556 89780455 99459582 6898644 -12137288 28615017 -19128765
32829717 98445851 51798754 70152380 79791235 31741615 57863302 -25122657
95254059 -47725902 74008529 -80052420 26759844 50102838 26077081 -40588990
-42001779 53658968 96180522 -83054838 -62958943 -64301365 3494963 -35227736
59782070 -73183718 -15779944 23046637 72668439 20547661 38469083 44227258
-13911962 -11649163 -40649035 -9769705 31081516 -45703036 -8088250 27559612
-21714182 91729489 -40236117 49824287 35267372 -80502914 -90558360 71075598
81710474 30369444 41461360 53239676 -8317811 11669855 -56169822 -2868918
-5049113 -12973511 -89629691 52974953 -52478441 -65183335 2208904 -25293603
13805015 -70218729 33859542 -61590993 -9248128 -64153214 28329494 -96298744
-38252783 -31379090 38659343 -54688432 75934751 53670676 29504892 40284983
-82625358 13144458 41336162 -57701006 79086300 85229407 -47454931 74418183
-55479341 62219883 95279407 -55944974 -56073346 38936797 -19961947 -56530847
-10479416 85057486 -63980728 5486101 -14362456 71032632 -19676275 45863687
-97960050 37760104 -8507542 -76938721 73010511 98518609 21196330 41280211
57521597 -29914674 35600310 34377100 -6519498 -40090091 -4379904 28575608
77236201 59441358 93888347 28531989 -59432621 -15725533 59774601 22810419
88582856 -4809810 55790983 90877265 17651403 -75981210 -45352562 -53657991
-67179267 95472474 -59740956 -58673804 -6263052 -70516211 -98592329 -53997950
-58976448 -46000805 -13466571 73841328 -96663513 45660953 49988651 -70389325
-10562611 7443664 28249899 26196186 77144284 51791735 5296308 17765482
77985502 68682038 -65521578 -22179679 -57272375 30319065 -76371192 33502807
-84562113 -10741699 1556366 -1991973 -80349135 -45706100 -65161341 47752411
58033686 47886297 -12491563 86568183 97741038 85933272 19473932 -57078097
45201539 26180308 1439875 -89792261 -4231110 28451252 -30802276 -18971003
-9823835 22493561 -36659306 25054909 95005367 23587350 -96725576 10704486
-69629613 53030621 58403441 14078185 -55895414 -48019377 -90040191 -64856511
-27394996 80497488 68162499 -70742014 -35716702 18728124 20024444 92052229
-50791895 91556519 32618782 16547316 -71120811 -86578932 -62266083 -13013365
-79939424 -79472631 -92168138 -2842697 90953206 9783749 52747044 -65553664
44611873 76803950 56197796 -55289584 -72470169 -94604253 98817316 -6779085
16220498 -33703614 37602735 15271402 60288753 -60060263 -83254301 71448041
-97530883 -28711536 -24153196 -96551152 90968567 -13272893 -18174704 -83050681
15296704 -28583194 -5982391 -76422783 -55851239 12802506 -55809718 62821254
-72249557 33716162 -15353887 -12520653 62530328 -24685973 64522397 -56187642
92739202 -60602134 -99673182 62582803 -24181667 22462514 26697881 80120838
-96218330 -63616180 -5311814 19664741 -66063055 49298196 -56522232 -42115235
-5021346 39248477 29413712 56113025 11378137 75240099 -50927846 -96582008
-77893897 74781480 -12479042 -73427409 55293624 29266351 -91082288 27155089
6766067 -67965555 -89290355 51570701 -13599711 19242493 41130986 92834189
44718924 13896770 -80204453 -92235060 -81885681 24525541 28884309 -21547753
-9761607 -73238653 92500693 -76718149 45900315 -91590629 32434220 -82500898
90325711 96908825 40476699 1036852 -65058444 125290 -75172786 -25484682
-72533892 67533097 -87101327 -98097501 38588550 -8092933 71484476 75736160
98117490 36579522 -88605899 97481367 55444552 -58692786 85303672 -2419438
-54102829 -90931289 36334197 28532276 36765657 85635861 81254773 -1643305
-399776 93210542 61244989 -10508537 78765794 -59905867 57892633 -55406366
-10930444 45280228 80298832 -49418778 11626867 26981809 39863696 98331326
-44723129 -83235467 -74835640 -90679207 97015270 34952853 -37945450 49018496
-88394847 -57103864 -44860320 -74127156 63791093 -3705063 37749661 -58169754
86278323 14541978 2302275 45378007 30662077 -18006988 96970366 58023357
78686888 66800467 8411810 -89835677 -38991618 34722449 85953694 18915362
-30794985 38002871 -26744595 20001124 60471500 71933980 1341425 64647371
31155992 -87773508 -22113690 35869657 84954453 32019789 -19197459 92774618
-92469433 38468585 -35697101 97084889 -75320466 94485688 -32330752 73283859
-80205834 -32858997 -69366096 -69785197 -73458958 -48109774 -11989886 -23117297
-43057558 36224318 56667829 -74211779 -76960468 -82251464 -18641254 -85655658
-86799447 37654904 -85777985 18435584 -95893299 -38899292 73068904 -53332901
-14002075 15637192 -97366244 22539797 -29580450 88868805 -5764172 -25280674
-29666378 -28454 206957 -6669503 41300075 -28873379 38106328 -20734235
24216378 -98996393 -21072785 -51269866 75351960 -44985681 69735086 89782031
-42890161 -50041444 83884336 -12975371 80263673 49233664 69177157 58693458
-5927901 83966805 44216877 10903850 -50743530 65470317 -93536847 -31926363
-58011511 -18051498 55454599 23067986 17541578 88028248 -26955734 42073931
99548576 34956249 94219206 -96896906 82173493 24338769 -28684861 -69016394
45902105 -87148275 -34570043 -79539007 -95015532 -92788802 -5544347 21099958
30794388 41513499 99258398 57333270 26909743 -72797523 -69990705 58746061
94540454 -89146423 -93258355 -6596543 -440281 -53332900 -27759548 -30918410
76914289 -58189596 -12523947 -54692576 55014458 66074063 76519964 69733329
12651666 13233271 65001745 -63595255 40359 86002159 -36910832 -65222709
87492849 -65645359 92273597 76028079 88769850 15710996 -84835813 72346098
4946953 -64526856 -91437361 71319915 17597124 77911681 31423887 -764995
40611272 96348367 -56453297 63174064 19735144 -50851771 66085499 64720324
64993534 -70474932 -55318396 -86323528 -37799269 93604550 -41294298 -91461706
47764409 71964353 5910607 -34794923 -45606498 -3787627 -19688260 -38796707
-73353784 15129955 40360470 19541313 57511423 -94799952 -47863795 34739984
81809383 -34233261 -4206528 3691992 42455455 -84897 15042146 38344620
-31730859 -72446728 -88965456 59244781 -28970609 -98512286 10145366 11342402
76767442 -99975655 -76444494 45632770 -27998926 -33781191 -55158498 -55601101
16036626 82343410 36527847 -95394811 8787758 -53455814 -92791099 59793485
77388862 9941620 -68132911 96433992 -2188922 55013709 -33917162 -52150695
-43077793 67565987 96935936 -73159771 -14822172 21066958 90173901 -74841498
-95015412 -70981933 42773870 57487078 81644542 6503435 -37261090 15590574
-79074763 -48605427 87655365 60112045 63387256 10436957 -70443139 -78275045
-79655629 -48758942 81855919 61087771 69620625 13711374 -86468676 -78246268
33941506 75706201 -11289438 4435086 -30717127 -81998728 59221070 94969667
92169508 11369345 99620601 -20230309 3770315 -50278178 78148943 -29114574
-52797290 16276514 75508754 -53583495 67358344 5970793 -15537952 46485249
38009126 75210980 -93504142 -66063231 39211039 -70913870 -44462124 -8726787
-84513258 21020137 -76454429 -94061659 -82207128 58303823 -53692300 -97076036
-7826498 92685698 67942536 -47982090 10816355 49787170 17954639 70622548
-26907885 10970492 13885060 -46655890 38202620 67114819 -45604612 -72029287
-8755848 42225312 66425959 -5928108 -88494586 25284300 -44241373 63083377
-44168532 8347388 -35717052 82750177 -73823750 72210602 -46907447 -11101114
-30031187 72584790 54243002 74672645 38028256 -67555862 -64331106 88221956
-42743659 -64126691 60844654 -71759453 15201070 -97806235 53070592 -51628078
-33375251 95574858 14694188 -24432440 91877864 52235808 91418550 66889201
36927070 -95140841 96186442 -97531033 -14495779 35204461 44446297 881512
-42122062 -75013826 83375297 65617830 -87128183 -20277257 -10057544 -41199986
6556418 78204003 -63184450 75632104 64439645 -72481920 -52117693 -46362298
55276795 -84088975 16125428 -69398608 -42483587 77524993 -2978978 17733005
81166239 87353801 -62254426 33169097 -63742305 -66800074 2717735 22051880
-8572989 -40036858 70362608 -9785104 -81181532 87452762 -64499895 86902006
5632402 -44105826 69011141 -86326140 15420257 -84213555 -97550445 9408990
56976851 42548739 -52807828 -30406805 -80920968 13844905 -56634902 -19647055
27965151 -34357709 84451590 -74481985 -58022832 56773359 -77457682 -26643508
-24513732 14763670 -15794908 4476503 -42844529 57667411 -65180766 67824032
80410919 29223422 24968989 -98377761 -91486148 -16652839 -97687253 65379793
84904245 28336584 76192245 -6291044 86007753 -66875461 2972847 77582106
-83401957 -9990337 62249744 53176176 -96998828 -90017911 44924837 48859042
-66648144 -4345352 38187592 -99343413 31581353 -2026948 -47746482 99309440
7729505 -20631860 -10817725 -10144391 88875916 -58257141 -28160908 -55382011
-36670456 -80928204 -59386230 13640584 80581114 28833361 -12651262 -57638272
-88209178 6622986 -12121541 67145808 95417666 -18356943 64822859 70428829
84298584 76109946 68270383 12859203 45159569 -98343841 -66201560 -13068808
-23916935 76882805 85979451 6639613 43942263 -86882762 88706190 74855184
-81829430 17631754 -10153368 83929376 69368319 -68715747 68277928 4518494
-91694091 -4174137 88865765 -75041633 -89905407 -14892291 -96108227 -73913553
14545280 18753445 5557024 -87234031 -26527524 58979889 -541580 -38326616
85273356 53682578 -62442482 -96301691 42853910 80709124 -1580535 98673584
17916796 13023274 48975238 -22214088 91796424 80893483 -98939490 53014331
-92167983 -36248112 4553293 -50666295 -87209606 -91159927 -23163401 90975356
72991031 59893003 92094333 -74811183 7560213 75940220 1382708 -40809320
-81826666 -71826753 98656019 -84314260 93726735 64579619 61664583 -72403216
97406398 90192181 7041570 -2928682 36132470 26105860 -65709977 33651796
17692934 52542693 -95066049 -90279413 -45573405 -49875286 -51117010 76433283
-23154021 -53417839 -69292723 82960906 88614791 -26769353 -8886629 41976575
-88359435 -10215443 -40387422 63623177 82237463 85374770 59287595 -56747602
2087305 -23043492 -48072693 -77401788 1798502 79765280 -45157115 -53114830
25602980 -41557464 7495882 55017519 71006269 -8337879 -95235915 68048619
79290256 -77777264 38839761 47144573 33872342 78703677 -61018007 24175750
-921190 65064995 -14569248 -53652088 -33506718 -29333154 51414333 32318164
93255097 61681553 7633282 77470086 98197407 -73715223 -25365220 -2919302
91739276 83822106 -42642074 30172255 65734764 36095851 70970305 19978444
-14979528 -8436041 84332920 60014726 -53464992 -87856978 9380055 23383627
-62025485 27751557 23519402 36733506 -5665473 -91505028 80391888 -45063866
7028203 75177718 61762421 -90675284 84028839 -72706002 69851212 53005478
47587955 -58240937 55405297 50050235 21345750 8809737 58440986 62982958
94094689 65452308 61327439 74929323 -13666075 91399606 -14216844 81112075
-47698503 84249654 39495571 -29554150 2765375 37901273 -97253829 83244303
-96569782 -97578209 -76855948 90557046 74333429 61645589 35949604 -42273526
21712747 -68672559 -87573230 -95224055 -43262276 59329819 -97962124 29164777
69310570 60536444 42638817 28882218 -52832468 -94537436 68602208 15628597
-10605439 80650345 57023218 99779185 -12201574 -594639 -49759897 -90313318
-60987109 72160993 46620017 18923959 -14334315 67883939 88649528 -67550900
-70497296 3600965 -46783424 -44993517 78972835 -18992789 24374351 -7028323
82211777 -89669207 1135279 42228931 95262456 -26136048 36076771 97967653
-66180418 7515455 1162484 93683084 -95377630 36170419 69928048 -77692615
81087338 -97259912 65763053 -15423269 -87290198 -16886083 -56500909 -98573369
71886915 10189716 -620486 43566567 52245988 13595724 36655761 -91612650
-43724006 -35948460 -82432592 -22532368 98270082 8011172 -85575775 65148938
-63915778 48652363 -14895624 78150230 -33278546 94966444 -72173271 -6667716
33672917 -69090810 -26080855 76232746 15244157 -60202381 -19738125 -902141
66831702 -291353 70342015 -14927260 74484438 92510204 -54278335 20223857
70859693 -7224866 37407089 40570829 18603010 -7539585 -75962698 -26923835
88315863 -99385886 -51507491 -35942561 98009541 -34651139 34705176 76920470
-17637013 -93952771 -90106350 21336797 -60323421 60423015 -6856808 -83521626
83789665 18469548 10635930 -1438566 37669156 29351484 90664500 -56425982
2930698 64880518 -92709463 73946319 -42440645 -12744101 74729274 -58787499
-93128112 -99157020 87916882 14630043 91305110 -83795564 1088317 1482841
65003471 93421545 -97290248 68437208 82616553 24384867 -19452722 -89563323
99631942 20928714 56781163 -99866538 81824484 25475867 35407009 -41035621
-90050386 -95081509 61126741 -66870977 -41941677 60758856 19361115 95107087
-68682045 68681148 14464909 -61166402 72506132 78513149 -74826736 67585229
-82618770 -90846911 33557963 44247611 26641731 -77772709 -39042536 78545830
-15666761 96853859 74314377 36630640 30474735 74595811 -40611984 -18603980
-34564029 28952503 4680428 86386619 -44922305 -32040706 -56575483 -95755386
-25939571 -92397335 37119253 -86064595 -90080042 -58286320 -62069456 -78881207
-4244550 89195934 82752231 72671395 91917904 91159397 32322647 87722322
43961026 82580910 48795783 -38795536 86444479 82730474 -35367649 -43277857
9293132 -66931111 73397627 -56446371 -26167280 -61213356 12507534 49421935
65728571 29313348 -29812819 19039066 -14891962 -52977941 68625872 -57380441
58923314 53195584 -59124810 41278801 91843580 -13283379 -10521885 -25723427
96629856 16958106 -57574408 -27503216 19163511 82220053 -82199865 -8670046
42970313 -19602891 4642272 76851069 -31683948 94376915 47286073 -43031195
-23311601 -66669705 -93057177 -37395445 20972215 -86716420 2614284 -3061033
-86044962 6176224 2281149 -66751105 41855284 23353550 -35121438 -77423490
43590773 -878946 -53076227 56874614 96361052 -59989250 -69741576 83508518
11513213 78857227 76068752 -95289072 42379786 91774802 74303506 64546399
-94090489 83906384 -35409598 58513285 -20226203 -73126440 53304357 83346275
-85656178 45486624 -41458255 -87012714 -20061097 84551240 49474669 -80383237
-84481454 -17934238 -66739704 69194998 47453141 90411458 -39392247 -63322351
-96928130 -76565695 51091342 42114988 -62785172 -2096645 54559181 -77819765
31872717 37734750 -72660617 57948900 -41236852 6365277 42802713 16717213
45816697 -36422502 42530792 -49125573 81469004 -82728862 3569615 26961972
-70617443 56451989 89192382 -39685976 58514506 -94891492 -82906743 -84501948
23298630 -72087248 55441415 -43660508 -24217783 -88810632 46131447 16440466
90927443 -63638491 -18885432 42204153 57211856 91525769 60853615 9153269
39263048 16543083 -76621700 -16124357 -52119334 -90266674 -44791356 85800732
19864689 -75870630 12732431 -19237161 8710973 -5754844 -36334271 26764209
20641493 -88158669 -65349731 -69149605 50923862 -13536780 -59065005 34627328
17446051 -73909675 -40053017 45107494 36156569 61365461 69750115 -62143212
95598373 -19960888 21050975 -58028577 81730207 33217613 67617385 13565304
72704108 69640683 36474802 -48347154 -1543064 -34631393 -92270507 -3317714
72695780 54350359 -78437341 45370524 56875499 30003220 58229407 -47200173
-24391913 -11249028 66429592 -78209659 49786342 10101150 -50355838 58499228
-45620746 -25124357 -14835535 -71328140 73194181 -78305694 45034001 87423879
-55776054 21084964 -41853714 81283179 49988418 89282148 -63829608 -47922557
-81639168 63264696 72411714 81806210 39802802 -75620410 -19018712 -34404847
21809705 -31748853 66363335 -7020765 66788020 45827044 63778962 -37397042
19996520 77975574 97273592 -76418708 80204142 79057632 23488105 51001474
-90683642 -65861220 1146578 -64209466 -28143067 76946227 2811409 -13674062
-47419420 14352149 -96570492 86521645 37689435 -32162048 -81303575 -70000337
93894355 -80430688 6862155 4943033 -44669030 -47945235 -79364142 -1603099
57306002 95543328 -38713342 72012843 92008556 -87410901 -28126700 -60696801
-60223409 -78589760 72489851 5664021 23233012 -54809247 93738219 44863477
65439738 -19962603 -59601345 -47564129 42397535 77257316 24913522 -47841432
59279148 67273928 -70313063 60634830 -27804523 -81454929 -4329497 57261592
-86497079 -97250323 -21515469 -23686396 15659569 30798565 -5682618 -60008519
-57521152 64126309 46745054 16279195 -4651900 13032404 6766651 48703601
-74168908 61998677 39503294 75293572 -88343890 68199987 55999365 80048686
-29370194 -90871911 -87266305 -75265373 82902161 11238470 67107721 -78768481
25739736 -84771741 -7838900 20483334 66706221 17424615 -70796092 -65358827
85720015 -99592826 -90042978 78271226 -69487739 -91365674 56810467 -53753256
-39492723 -19016664 34803737 10196800 -20958223 20376931 45605482 -54697066
-53249689 -1564155 -94316202 6531479 18064870 -30417246 -42910681 31240378
97018587 25513535 90539459 -19880159 -79128697 86283316 81997379 8406476
32794769 4862121 89573557 -88751064 58242964 77728139 49536425 -38004521
-47682378 66486950 64227350 1918825 76434733 -43089079 42189742 -94637195
-30377224 -53141835 -26266977 -31729624 11740817 22672428 16576303 16137260
43317854 -21283356 81252638 4998726 -81905133 -23309374 -74624560 -25776040
-1014044 -73602740 77402031 74179655 30803373 34356545 -12940030 -30977829
48899420 43688318 -45786143 51577919 5355404 55170494 54805645 40107666
83323793 85176654 -89502936 74013138 12550293 13727003 96665659 -89877660
88285818 -26563703 -32068919 -20473680 96475501 -55462302 -56099389 75626995
41111509 -9996611 -97067132 50037472 -20491111 68010086 -25440568 35266231
59798195 -95289148 19370956 68052498 -31541429 64998383 -89218145 88147359
23910999 -58855029 21674933 -67081787 -33806439 -48637698 61673667 85258953
-70268399 67279691 85893836 -42632925 -33574537 -92466350 -27453331 4361721
-212293 -21413139 -89533591 -84647985 52237625 -95231828 -39401224 -84686294
10617222 -24769167 -85785058 7839441 94356046 -71386839 41663768 -76712566
-37345559 -20216278 55615320 55330530 22862765 -89017602 9433433 -10250793
28329722 -82326085 20305871 12229198 82116249 -82807644 -31159233 52264545
32164182 -84990766 -31735209 89871709 54531974 95429840 -64090266 19142826
80546194 6361227 22300991 90962728 -62852641 -46165774 90902906 -98881561
-74384078 62606402 94712634 86641741 -48081671 17216139 81498956 -11194692
69153427 20717201 -12977708 34563709 -15537699 48369577 -66802544 -6575135
-93609934 -38049603 75675258 79346812 60348370 51792058 -31244540 -32775399
-56126013 -63527507 74784335 -83498462 -11318594 18470705 -47398152 -25504505
-73228991 19187431 -13386724 -80490153 -77520278 -17800975 346216 -85051957
-66489722 79459482 -79281718 -66185228 8407547 1346024 -65319475 -67823383
-26836230 -71123875 84572662 75196962 -21841033 -88443906 -59229931 -26176137
-6149059 27488032 42767754 -84554165 42431803 64997417 -99876099 -49317278
-31884647 -87473203 7792700 65274869 -38243699 -86312392 -29054857 24191040
61604181 60727214 45836533 80888887 31073776 -65059312 58817053 42527963
-98208032 42607718 43337767 -40194719 33898043 -22595114 96336528 -84785085
-21582638 -87210587 25658905 -5008311 39431271 -15099620 -27483761 -31487140
79335580 70035560 65699418 -4119250 93553324 -30594345 70420316 -40523839
57930981 -39618379 -86407220 17431752 -34280440 -40118818 42750087 -41089747
68670979 -99760210 -86346134 99824085 -78340350 40318620 16784679 90710467
-83809731 -7422215 -13142493 -51033113 -11971297 75953454 84759769 -23296200
-11789025 -22676328 -98446694 61038216 -30758731 -37063698 48974639 32386313
72187401 -16138394 1874299 -26483579 -36187895 -21095225 49495354 -81463820
-29960674 -33251348 26320709 39191480 -28753487 -27307847 -53146790 -60983040
-46749119 74988950 -20309519 975538 82548147 21453428 71447458 81977527
-24378148 36888979 -70779223 88395887 -41672125 81711870 89668983 5734676
-48734849 -18732447 -72363316 37798044 -61555679 -56731743 26898362 37285493
43082430 -31678673 78927561 -78719950 -50367256 -54431712 -94542713 -84481179
-69529538 62536346 7787335 -5747682 83245821 -52000900 49838165 -49266027
12414147 19896772 97894568 26923125 -50316003 61099467 60208304 -11672545
-22920332 -79413968 -12073671 89978960 -54944531 9055166 -99427362 -90017377
-51909412 42404987 57893108 14226820 42525866 50167408 32344782 -69946437
31431692 -86298045 57925425 -4208472 -26075465 -4583336 22488855 -96733949
31429388 76902710 -74616104 18547549 -54626311 99975236 -12398504 81982963
8113022 -9399894 44200381 -70953289 57641959 -84521673 70463352 21415296
61963707 -2195289 -53838270 -59159167 -9894009 -64388655 8208106 62246739
87551989 67841004 95491432 -64017958 -96825958 -35583224 -85597081 81663004
-1902823 -15339723 -41450429 -31847242 -16328731 -17974911 64608934 -51884649
-45196509 75910145 -93886203 -48074241 -94032974 3298070 -27588396 15953365
-56761398 -63489872 33827820 76119824 -50745066 -18351979 13160059 -4181958
-31305397 -36862843 30995559 -22467316 -95516197 -48380547 78808921 -56303754
-23802813 62537377 30949534 -27018319 56928755 2310593 -62255974 -20061382
33195777 98046378 86037342 14195846 -70502452 -43717653 56279712 -15746081
-4570600 -20461933 92743439 66663913 30588955 -61716905 32408069 -83550845
71500218 62731529 99458155 -79465888 51029529 -12923751 -56368453 -96815963
97101224 62417550 75728572 -56570352 72348535 99429922 59024610 40928009
98766102 -46110798 -57075954 -48791445 -4389321 98964213 -33679506 -87587744
6857444 -53258360 82103284 24945736 -41123986 -87854992 13107291 -62085909
-69870693 14500378 1481463 94197225 2852438 -82790087 28909088 -53880472
54414831 82853304 17094622 -32920003 -19446226 12850063 11905383 -4000523
20513457 -48184570 67897810 -23300248 95359049 -18800486 20838476 72536005
-3588966 87045898 13676668 4287889 4972965 18685811 44308022 84956216
-50689742 37814480 -86699659 -42151843 -2051541 64827384 -61924430 81556189
24980113 96804517 -3206276 12757374 -18130410 99240496 31858482 94007380
34836256 -13896194 -95567721 -92939416 -55752803 -63592462 -57444958 48929793
93661901 28945457 -2213810 15806540 3533244 -75378801 41146563 -64270981
-61454719 32138406 -82230262 42739293 -450278 -45942775 98051018 55686072
-86260141 86341621 51719638 98554531 84405790 -91918899 -9333586 -2829462
-44812584 19669288 69451632 -81130842 14253532 37247438 40709018 -87097280
-4740563 -35629452 -35813745 69003001 -32958807 22269030 -21977056 358914
-44342046 -38935296 -25787908 49731184 81470757 89119188 -5542343 -19220969
-11947212 -51253794 93320724 -42094424 -15312101 -55999489 64524002 85580800
-61720957 -99384348 -39380877 83863955 -44830434 22277404 21475487 1297843
91429387 -95132982 -52520145 -64820826 89870970 -70951984 -11355122 -8529171
8318676 -48639276 42896576 23341085 33869008 40935230 15699780 -33931772
-74788369 -11327399 30816369 -34492675 43926714 -17196558 28214820 -48741074
-153455 -21394545 30723958 -33574459 -38350094 -5841012 -54810653 33380549
39589217 72914249 58301796 76603739 41639332 -40721517 -9091939 -40995228
60101328 1849895 49586899 -66672825 1103935 -58817083 -48288209 -2656187
-15084129 94550895 58652324 66496965 91461035 -44031839 57371128 8625945
-23347802 96220929 35332628 11265514 -1675942 -77780663 -70179078 -85840313
-93828624 -90483974 83751868 60954759 82633433 39096041 24428895 65933148
97764540 -28188403 5405997 -57923181 33216542 -5112356 50154990 -41336372
-73106336 -66619856 81509669 -32900989 35506664 -21307618 41919514 -16378945
-84456880 -50324149 -48460 45418402 23945854 79642546 60680713 37881990
-27971028 35427212 -72844201 -8412091 -42568952 -9242969 14710379 45819830
-29878001 92719175 68732424 19649438 50562164 15294309 75409403 81764553
-53934061 -23331000 -15628150 -35056087 -59290333 62721911 -21346978 27478993
-32403489 130813 45411638 32957582 -60855500 79010493 -58012706 -81878007
11130883 67524006 70047846 97789330 -32268155 -41432919 -98767421 36136632
18669765 -64310162 96977011 42787488 9959957 -77729924 33058890 248811
-25733553 18186986 -647537 -52723147 -4729304 -4263201 -2827678 9307061
-43225811 -323195 -76008603 57300235 45345393 81752797 6675329 -8888494
50731881 50610430 -91481446 83038157 45246463 77620072 14032708 87498857
-24563579 48235217 46274148 -94980171 65744899 35865534 -82480965 -54673565
67071922 -54837173 -41308866 20957514 -20341971 94710440 22851297 -84605916
-29648316 -39259216 41015141 68055040 -65424316 -56067656 90791239 36916968
29014509 5865505 92055606 59349526 -86248478 50020732 55002347 -3353625
-95845722 11853605 71840432 47035478 49462651 -7847507 43562162 20908654
-17842231 78664961 90228312 182566 23061662 85717815 -88546524 56021441
-72240867 93124470 12686473 -15494322 -63395069 45977668 52923173 -68495923
57443978 -90642821 -23994681 -40120607 43809927 -41830491 -68425087 -82948811
-9839521 62044759 16803235 67804424 -77129992 75815818 -34068568 78199190
17178622 -79893514 -14102730 -44089278 -46295969 -9391327 -86144695 43296693
-5587971 -63965835 31590393 -79372948 -62665741 -29503331 -39958557 -41823390
58930432 40336355 89591500 40105471 -83852827 -16317232 77098727 -76011740
47090048 73177123 -89977914 61016902 -31085421 -56350948 33151433 -48056686
27193037 34487283 67327055 -83501555 -39919603 -2987550 77800045 -33164695
95501873 32708625 65467364 7775761 26579115 -89052140 79716930 -80336191
2003316 -41373376 -91126009 -17466348 86224318 25825960 62052016 -66504147
-56992242 -38090991 8820673 -19473093 -19413414 -47161597 -25617887 -49237024
2882732 -20352922 -6565986 2846975 3169613 -56457003 98096212 -38082018
62536309 22756194 44603597 -16561452 18215404 -30677035 -2590855 36142187
93460192 90358276 -40986414 -89712046 -65224940 -49382220 -34281004 -98632924
72435266 33831201 73490686 98171387 88191776 -2726862 86248718 42663470
-41673489 14704387 -95106971 -53067964 17513846 -23130046 16494196 -41539682
-39469588 46956009 19997342 -36531877 81222363 -21386532 15280449 73684792
64499864 72678486 -12933285 -9771691 93824816 -35905841 -84012084 -47735049
-86071918 -7933063 30411708 69338412 -29947689 99924825 -26273795 -34736829
36507475 -98059874 -74887964 -96488984 -35570064 -49522892 -81371659 16590237
-26135920 -99446732 49757542 -12180949 30620437 -97749128 -79855287 -6178202
-81449248 99805894 -66328478 -84486710 -89793578 -3979591 48838654 94232352
-1283529 52628077 -66996047 -74553092 46458245 47155784 88408007 -39394414
-26770197 -45265829 26960647 79282236 -46498568 11769432 9254855 14022756
54050144 70476477 -83635771 93271547 14336616 28168864 21644513 -88322790
-28077776 -63410090 50787659 -29753583 66253302 -41787086 -44943252 -59512934
-46898528 -69120317 4794545 11801859 -82526846 93181432 70131991 26708296
-87854739 -10848045 -85410753 -24113734 -24709775 -59137523 -59679634 6781319
-9448962 19648766 -38536855 -60270055 -20343821 55567106 -20104264 70547607
-69016437 -78673257 53524684 9868335 96368124 18161590 -5647716 -84983111
99677422 -13526420 26180763 -77378252 -93025113 97452996 -3450398 60868711
-99655515 -10344067 81126286 -74815340 13579616 -54241753 36386985 -68940253
96269543 -55993660 79695378 -53395465 96749769 -84673197 60830887 -2465635
50983946 34246938 -19181705 96146410 -60343252 -39736344 30340171 -6016329
94799671 99572358 -23791156 88816644 14681713 -82301382 -193568 -6901958
-76900836 594433 -60614540 90000246 74440819 -45288924 -43032010 85225316
-15060242 22464936 13598792 52361784 38466211 -52252251 -81732880 84350619
25642693 -71353603 -28362199 -27272051 16634700 403191 21211963 40080829
59315761 -12857385 -69615012 14007258 69549402 47570340 16378033 78570925
44199907 -13402664 -76494629 -3844665 75941342 70830641 23093546 -3727130
-22721053 -4407021 11206652 17191811 46664863 77978387 55517459 47051922
81305238 -8141776 -36826049 -13964685 46060816 -72921517 76463341 22695972
79382470 -695369 -69315515 -12701796 -75673913 42960732 -84324087 37369417
-93913097 35027866 -91838124 -48131126 -75757623 22111784 -91590724 54812052
5552851 75364931 95449001 -78958280 89196539 -95979849 93415965 81337373
31625155 -16666934 32702019 -22308823 -15603611 -69657282 -67489891 17121424
10133994 809398 16772864 -23363289 40146156 -64204659 -28053218 34318215
-20082934 73837234 11104908 -88363004 69816511 3648585 22809544 -40806547
-16551052 8361899 80482463 70695884 -68370519 55421620 33499433 75362319
5888665 -50652889 55673049 40993020 -89741288 37984735 -47026972 75744184
2517757 -8959549 41734879 23432979 -94661080 31772565 -85334104 -30242490
3418149 -38869215 41124654 -84640695 -7084758 81778968 -88479138 -72023430
60523522 -26491434 94242229 76034490 -50139746 -38185776 -14508058 54712374
67309965 41410544 70748045 -9200956 -19877709 30953761 24059503 41932330
20864206 35360723 9119239 -21223941 61913705 99376565 -46145467 51676382
-6303998 10724953 -32722265 70498696 -85703034 18140128 -17552923 24109697
-62173752 27696479 80469498 36750146 43742505 -23061463 25883930 -59296468
-94451492 87022505 56123013 -36071625 61024519 23866851 89635218 72464387
37071281 99192324 -5504902 57554518 -27340271 32744802 -33937136 61146957
-80345968 -57434154 -17661513 39135300 94536489 14993246 40415407 -50830163
-41036533 -53361652 -47027204 52425812 50484263 87309356 98189824 -56074332
-90523207 -31584294 -26772449 74891199 -56746449 89926158 90651862 69829151
21089735 -5186652 -66572586 -84895359 -76354971 24892559 -48550033 5081445
-38366386 -80677459 17096113 1176658 94600050 86748629 -53832957 -9444738
-53392903 6953176 -95035093 14386171 -29105945 -62790595 -78019876 49761924
-98997501 -49430570 48077724 -95755977 -40482749 -8828336 17893405 -70272126
-48086017 12509336 -81954435 -276859 -18434169 25310765 -74475192 34070908
95188380 47891350 -9207802 31161722 -29786757 -2986835 -50674382 -77271837
-77751338 82672288 28284101 36300374 84961250 -23734309 -1064904 -16119671
-27166777 -16334511 -85897858 73075598 76814834 -52794056 -54435806 70461949
1429135 -12631761 -50737326 -17909286 68703064 46443902 -91010570 21296332
-18571632 -29106001 19197790 23002704 46417207 -9181599 -20451319 3989333
-98756188 25349561 81995361 -23155038 62887562 81593030 -55233376 75648292
-86425761 34165236 -73110083 97900341 11208623 -47550791 57256074 47982436
2327156 20330248 -70267414 82845003 -52249510 67234904 -45974902 -24195240
73682858 -93012231 -45127994 14067251 57067900 75932391 37463121 82014822
-95883193 10112808 71831786 -48534728 -34789418 68719231 -92425614 19836104
-57398385 -26385618 -31483526 -65462172 19553984 -88910912 -89912292 -71020842
13637925 71215354 -79324452 -73913041 -38914185 -3296322 -43761157 -65991092
-28675538 6190600 3162104 55899793 26721024 30699373 -81419608 -62358152
96702114 -55124905 93783534 -98904185 -19382577 5790801 -17228147 33607925
12755861 9896482 40243388 74136108 -1281570 -80512730 56250775 62593769
96900061 -74107153 -99570675 85852546 55256842 11376162 20929006 7413129
-46126035 37822878 80140809 59019981 -34442874 -48325407 93115080 11902241
-44966010 -69125375 -62164287 -25321111 -82694446 -91008107 48361735 -92152877
-11556500 -12932377 13331098 51189332 56460289 -17897266 35290478 -48162808
49939825 40568334 58999731 828176 30270047 -67272154 -17614994 -14674049
23946088 -13629596 47221849 42794545 25649991 23751871 -31949202 -38918733
16781402 -71658854 19102118 -32156196 81651556 -18428115 45288214 87908167
-22468888 92582202 -2590955 -31810781 98045064 69739673 50952840 71771230
-97467600 28303617 -90919844 24988791 -7325138 -7713097 81632194 -77693856
48489619 52509762 50732801 30935150 -38229957 -94432810 -17802869 64691628
-80983175 -47750170 -65592070 28119142 63000616 -32553327 -29814365 -31632060
95280119 71091564 -76702936 37687844 35318800 -85804214 -12719113 54206414
35417563 75450618 40262145 97346374 14671715 43062006 68406405 -75505502
-53291048 -3204026 19354185 -70858206 30839084 -85646936 26138124 -28036079
10385070 32717416 -50827607 45795233 35331742 -77166303 -91229386 35085726
-41882018 40712216 29708672 21583297 -31010162 -56055651 -13012657 34293832
-34771126 96526386 95517586 -13680576 -34694955 -15149243 -49980087 -24045182
-16156575 -90086568 -18589810 -33795359 48092488 -58956160 37528855 80927055
-55046560 51333143 -72697227 -97398617 65023393 41485654 -81125329 12583865
66680004 -94823582 39228391 73959499 -86646666 -53176893 55504660 -97235398
-90191370 85060352 63912920 34312698 -81164523 -60181301 -93341124 -74465687
-17302497 73217575 -38048193 25418310 41423507 42565972 86993238 -82925859
-96816640 48781616 -23370143 17656695 -83358424 -15614040 69270439 23743219
77651714 -17066280 19639420 -39871374 45622365 -23939587 -37398516 -62979682
-45591228 -21354412 -43603989 63032135 -22869080 -96783843 62091577 -94865260
44674266 -98231540 19903879 91805818 -20466153 -6543639 71160358 -75885969
-81816820 22154250 70776138 -35428283 70193249 -62152036 86123026 25422670
-84210087 -59830300 56660983 35901756 20179278 46530249 -20088052 -93362910
10616090 -75068512 -28990462 -37222081 -13830039 -76038898 39943220 99967203
86690039 -28504883 72982428 -85126884 64482080 77464621 -55790628 -15804647
11773362 -4474611 -58054554 -76531886 5284274 98029766 -33172931 -83439193
-7477438 30973340 47242222 -63038781 -53444827 -73810180 -15044538 98144017
21856511 13266789 -18810273 -45397642 -77553178 8382439 37944069 94222078
82211029 70808935 -22118322 -1301868 -35134464 71249910 60940589 -61674709
95960328 -27534370 -75871606 -75346111 4584802 -43556167 1352815 12586324
58104419 -45551269 70255356 55196621 -23281121 2982001 53412029 60500218
86539654 74838410 -6983396 -48784709 -3725107 89607013 -38251470 -96609077
57581319 -52276632 -58742915 34475338 20148087 68128937 51695271 21272652
70032750 8916930 -58999109 74089543 -97938574 -39698428 -6440786 -34587322
-88086027 68603403 -3502061 67998091 38127082 82747448 17503198 -20770972
-82603094 17381459 12158477 -9972875 -21766695 9725298 42050398 -93646686
-89282901 -79262529 -32927431 -43138566 -84813252 66877477 92438236 89975482
2753459 -51017296 85163870 67801948 -38018891 79322485 58438792 26238082
-18720805 -72396075 -60698683 27671490 -6890926 -6249561 -34736160 74833871
30220169 62028056 17078431 -97233373 -44029541 -38331855 -56960654 -39692548
66866532 -65352424 63372444 81323954 93229002 -63302220 -49774071 -54963504
76165166 6522456 -34755369 -10855623 97583578 49701249 -82752082 -61925579
58942667 85920395 -91252071 -49370621 -29576020 -85621093 13244239 16966659
55473630 -7761302 26641264 -46841308 -50200955 89671608 34005022 -58914687
-94056642 24856418 -99064584 -72666468 -84049960 77114837 33009079 -55418585
77377996 94264821 51506323 86586617 -71494193 76119462 77250293 80518920
44780137 -20995991 -56176040 -29949936 -47079784 92409966 89883471 52487625
21403337 -53594215 -74149677 990304 10056516 97067237 95237451 86493558
72517434 -75840683 -16798981 -27272840 48765833 89914385 -77875619 81827829
-47088685 64166514 -26748617 -23840841 -37127417 26657621 -11539149 79354168
14988405 46122344 8378554 70795035 45847647 -36045043 88165097 -86466609
34972946 -51552210 5930195 69544254 51264514 -67981226 34524899 80310758
99027369 65012765 -85930817 -95653511 -7081558 4523133 -68246914 54865751
-43120372 -38003870 -82861252 -11246298 19158582 13724311 -10384959 94745715
57944933 -53503845 86001898 63934172 -11311317 -75557585 -59354090 8562477
-64005780 -30332373 37754213 318042 -16015810 -47419874 -69436685 -79107459
-70358386 -7059376 -22868211 -2140183 12588438 -15885639 -13564275 -89534728
14369257 53512802 13915407 -16148483 -53183792 -588606 -5625191 -78751366
58832749 11184480 -88400679 4768358 -53983125 70590726 -8377925 74584954
24366855 5506706 68352269 -76749185 66768919 31435043 -29118439 -95700499
-68567185 96246207 -40887913 -73782043 -63407479 91755224 -17842724 -26169429
60060429 75536626 -50435086 35175880 10527007 56794393 -38253732 36582826
75292818 16505578 41485293 72799709 -59019195 25794956 74875665 -40949112
-98681451 2546835 73492962 -92918268 15762092 -36815090 -56303648 82934213
-17368759 9615906 -47581299 -49429999 -59700694 -31843149 84656113 67077524
-70972797 37768750 44707928 -29519751 21025812 56446195 -35942054 67572462
-56239563 -68230557 -52042004 -49736659 89949750 -1918149 63318695 5637858
-78629458 -99938801 -75100592 34045685 -81737739 -24924456 58068478 -3124481
31840274 -33369300 -47455362 -99088899 4375691 -88823733 -3716481 7135967
31849465 74407768 43772505 3212055 81087027 4395416 38025075 -55127647
-61511111 -94079500 63321294 -16007351 -84773087 93433011 92984463 84549389
46297210 46780842 -70800542 -59761893 -56742558 -49389573 48815263 53951659
79700271 -52167591 38639974 -45604889 3901556 -36853156 -36803230 -67415830
35485924 40822029 18413875 -84458019 54309345 -39893360 24550831 16975125
-37963877 80027054 -4443204 -87658239 11754249 -25924171 -18351394 38407263
-26353763 -32004751 -45386110 57594848 81976808 -43954589 -36121475 -18760962
-74407495 89820846 23511784 33254618 65755441 -16370036 40970797 75342044
42723729 30737124 48506725 -25595116 -24980865 77442481 -69759956 -13809430
-77769989 12224333 78201983 -36769613 55053630 36473501 -57802590 5624442
66183802 -99767289 80748873 -64093693 -91467047 5601921 -49392638 -20559488
-23056496 -62825163 89949476 64488499 36594856 91296212 51219684 78406159
-60943743 20214751 -30381969 81017125 25569103 -92756278 -36611873 -3796244
-62244795 68423320 35364837 -30247525 -22156572 -99351863 26185407 -10880996
47623436 -82112659 67070815 65522729 2881090 5064490 66809090 -62878192
-19870239 -30933787 97461380 -62155703 87493005 -34248456 49595713 -69066202
61004649 99795823 -75825871 -65161121 -33144531 -38819716 80055338 58940080
36844583 -15454883 98151102 -59890367 70237084 80854887 -98402917 -23704634
10989430 830471 -83134937 18707514 -75774603 85696954 -24474931 33991767
53405660 -67503777 887363 -43497110 -90217659 -74456170 8710750 72003660
-81172394 4431039 8747825 -21952395 76474008 -8653472 -77736466 -13556849
-62167997 -91869265 -71321854 -81664028 6913387 26699457 -33115276 -725126
-32530871 21166014 26854866 -13337467 -51113519 -69111801 -93291599 75307695
24270753 -9817638 -18566782 -65640754 60292921 23552447 49157738 11300753
75834366 -73852559 -78717974 -34193956 -27892939 23549478 -178642 -80357098
-21433063 30421911 -19124490 -83905338 57018808 -42810904 -72921621 -73293797
65611499 -98387512 89033761 -11383673 -1311037 -77951783 23117178 87939407
-2277363 33440130 53776851 -13708354 -90086690 87904287 26150230 14279556
-41027004 17377392 -57498394 -19234055 5417430 -98921321 -72832187 43919650
-78655344 7211964 -91904405 18464569 50012688 90613739 -81711113 -32918343
-36896018 -45272986 -31252254 58680432 34518685 -39458590 -87388210 53786149
3030263 -66657381 68083406 38666930 69772627 -86470289 -90270408 -9337351
-95728319 66595954 57121665 -60358585 -85312510 46312434 21288772 64532820
74444675 -54885890 -32728329 91476998 -86047379 -95347391 -62073282 7108898
15151243 -13304807 -76812337 55186295 19156541 67469798 79760870 98431585
4765602 -11284543 77735682 -27925189 -67004728 -11499117 74147023 -92185056
-2517628 17432946 14192888 83416734 -66507927 78647471 -47605833 16791548
33438242 4214926 84235756 -10595425 93269739 -78865209 39833527 -1622347
95415901 -39025493 -76484314 -16922567 90342048 -45456704 71506108 -63198118
86835083 58690080 34875813 25972032 68576751 -50786039 31537548 -14056208
-29032913 -40543273 -6005374 -3480325 -9540279 -45490017 -26383175 36503772
-65698974 6396115 -78251947 -85058386 83234041 -9643705 -94838154 -16369190
48881929 -20641971 -23341091 72020764 -35014804 -8930411 -82527105 -57060925
45926837 -22608995 96581651 -25198008 -56228342 26422134 48214796 -15775720
72677378 -1708036 -81562513 33813011 27140165 -56686149 -92082068 40905917
87357682 -12988086 -51223593 -16054068 -67204757 56564494 -46432159 -3521212
53528234 -48754998 77090103 -10781278 72555051 59516783 -79041405 79897498
-58016169 -48944450 50592838 -86931285 -42071668 98814833 -7267886 7878892
58181319 37523772 -57735764 -15057923 -28081193 -28651166 56490645 5568077
-28559904 35752992 84663082 77973282 -57706819 33526963 -89856168 89362343
-76176836 102863 21273758 92526655 49332031 -41003926 11669229 -86839406
-22666632 -61460011 -8170821 -23915385 -7278987 94849217 -17022415 88542849
94279799 40897515 25764613 -4728529 14300258 68625763 -75440020 -17820601
-5245644 -28477975 -82221375 -63197941 74853701 -57014687 37604316 8456867
-59088283 61230494 89245551 57825468 -22458926 205458 58546861 -814756
-74145457 -70896359 -92391292 -66621182 79519654 -19593970 -87152937 -23409121
-47224594 96120232 83693482 1395666 -92237650 14872361 -24937915 -44802600
-24457117 -60905642 -2227701 -22189995 -58782552 -25132830 -61693108 -65651946
935672 83372311 -64827103 31490519 -94396335 25152116 11001774 -5925659
82350654 -73420632 -30583072 -14803384 61017054 91181161 2659744 -85651675
-41325039 41187746 84026652 78733468 -40708169 -63791350 694517 26039356
-13831591 34048151 -17717415 -61553284 -97566841 -19263145 -42032204 50987372
90796749 73260653 32443145 96147342 -54766867 -18643456 -29012787 27623290
-14881542 -10380859 19045011 81182982 -54544568 89865468 -5819655 -15638279
36434613 -16576027 -80864957 29701 -9159483 -40426577 75056223 -35272978
-17322206 9133540 -54677890 -28444486 -57130470 -27444943 -8358818 1613798
68611572 18429555 -5600133 87756400 -41261985 6512401 69115192 77318417
-29799468 -43596638 -6384990 69672690 17163638 19511535 -19416077 -3697060
-60132195 97920864 2012102 19009185 -38398189 57938094 -39853145 31223325
98204430 -32283877 13469548 36099592 -63965566 99431699 -15246241 -87436600
97977958 -82568788 -87428591 27025877 -4534399 6423944 -74376295 -70077789
14308780 -58183374 -70170832 -65562845 65958413 -94616467 47563383 63166258
-71450384 49019169 -68312292 -55051334 70542955 72631996 -59988013 -89326523
-41717300 63176541 89551970 91021892 93042853 -66984401 41283982 -29231167
71649603 -18948391 71694731 -267575 6940125 53558046 -99162662 33443861
72297159 -27910110 -95299595 -80214815 28108925 -74290301 65264912 92820896
20152740 50303289 7549976 -12984736 67743990 -60194908 -57979555 -74654038
77419225 -98102068 -31256823 32289059 16871973 -65398188 -63120642 -18706820
532643 59060335 -37212448 -15093196 -66311198 -52169043 -43773867 -25008431
48181830 -1756153 -27348493 -1546936 67931590 -79773199 -17435449 -67427000
97911629 96731074 -29130848 -57260437 25465623 -45731282 3024842 31844510
-60968837 46348768 22313200 5042193 -15185131 -31451721 -83428113 37695346
-64789468 23407224 19252541 69048590 62922147 -19641892 59132093 -27678218
-5922844 -67441594 38833433 -30499857 67153585 43567380 -42585629 57192423
19333380 -63829824 34377430 20140898 63732660 94139794 55827556 -53736075
-43964508 30943041 -54124360 -12659967 25517757 51183939 90176700 -20366449
-18328041 34956160 -36757468 -55475634 974260 13515961 -30349147 17553521
-62401019 98547369 48662407 -7092783 15435284 -66475302 64690924 -4536218
-11065603 65120776 85708812 -51355308 34170848 -3569012 73962685 -58929263
67579667 -27011384 13013097 -68020895 -65517533 -28207941 46804025 42893216
-57618295 -40800119 87828183 -67802576 -19675152 -87109995 -43781837 -94182581
66519323 -83176092 -17458083 65185291 -54522613 -37079661 30828641 -77489206
66252117 50411857 98405636 60396981 65475126 41532008 45462703 85240971
60993475 -77828206 -23055302 -72014356 -99497137 -62328253 -16928947 65806921
-48256656 -94230810 -49474489 -43764598 -54303485 32493499 -84861066 -23955609
8902612 79891393 -17874631 17346939 -86110929 -91222606 95593350 4659328
42159975 -9497697 -34273012 -15929390 -26613578 86407043 77418089 849697
13737178 -97412788 -28796051 -41846946 35945306 -71767481 -94685445 28847575
33752854 16734995 13441947 -60291804 -87605173 -25406762 76814278 -66241383
35272923 22361244 -48505632 85583732 -40593361 -71884237 71351900 52216081
-73421557 72285370 -14174331 10000560 71944759 99000443 -7579501 -34663700
-71648899 49675814 42498223 -56890697 -38710451 56985879 40099085 -19329908
74576838 53277793 83594084 -2845925 -4664554 55885154 -7735500 -32433264
13688024 -68031630 48797686 51025177 34912675 91834356 -58556942 -14378585
-68764688 18987868 -68425390 63659936 42406850 -4686006 56902816 34752411
-75685504 -51894354 -88642906 -37280987 32095015 33704975 72469067 78287044
82262159 70824275 -88993107 6128845 -55478322 -25802176 -43119366 -29306711
-19979131 -81741068 96312535 39976388 -49797243 41395321 30423625 -63483256
8232756 -43123193 -88126009 42301681 25411268 76439148 38263242 -20737156
96374976 -51158327 -27160422 -52770200 44528059 -70454513 35471721 79983049
-40500697 70510642 68763018 64088399 80827462 35314212 -58900263 57037487
-37892766 60881321 -16360933 24147917 -998542 -83073573 -15450347 -17080825
17682021 74840350 54486256 -24781793 21830984 -69832614 -47124225 -94176989
-67438967 31744049 9753868 95680004 -98641755 -90349167 26165230 -49524619
-17212789 -83670514 -19522915 -20307885 72632303 66335226 -44310718 72918543
-84222930 -45163497 -19805554 64529947 -7199920 -85884676 80261385 79448549
64292020 89920403 29547778 69687709 -24940769 -39746487 -41847935 -70668084
17634867 62940006 31527365 -50916587 -74439657 -54580267 55679241 -47543600
-65283910 -66836314 -58639294 -17328028 36449342 -95142462 10286872 51346795
19151068 81567713 -40558864 -33005520 49972940 -11654173 13022931 -81554291
51482663 30305319 -68612016 -88562158 -19896945 56477520 75416150 -77466302
58177421 -48854832 62057247 -90307704 -65192140 -93394132 47358200 70357337
-842739 -72261955 29813856 -40363606 72754618 -2410587 -57000793 59434481
-20366469 78200983 -49463359 -6508483 -99187624 91157584 -20641024 -70710961
-50082925 13081656 -2399251 -4744977 -85968252 44241399 72353345 -21761431
-42252465 -81172993 24494551 -14695827 -57199710 594575 16538934 12545199
-65790488 -10916201 67837219 22234894 58531970 -46613464 -54308910 -46106750
-12693888 -28046498 31804310 1902071 5940879 -18075368 -78278679 67019836
71786192 32768208 59775221 21726204 9005119 -47896824 56325588 54915862
-44615301 -48424714 -98111142 53927610 73094862 57695034 16634190 79038955
-38337951 37991441 -40717995 11728576 -76679635 57124082 -29242931 96530538
-32609435 -56292501 -92051089 42078245 -87562912 -29548726 72297690 75822903
97105686 57474714 13517981 10032082 40819353 94812729 -96459921 82106336
32758211 -87078643 -33149805 6956683 -48502322 -8236520 -19201612 29611078
55319312 52765354 -59759978 67949437 -77357373 9992744 43699471 -85337891
-37988862 63244683 -45664361 -34702380 -55845736 -85752658 42478773 84933425
-20722404 -73934046 56821923 -84379852 -55822948 -93397892 -61780398 -33150680
34451362 -22824332 78970365 -89600992 -9726113 63800385 45032859 75627085
62909111 -21662167 86758933 -40328267 -69788748 -95651748 53180276 -12887058
-86224758 -1144129 -51979056 77574670 40477090 38242459 37952071 18510869
-29557417 -18083231 -72320914 -74568276 34941556 -34821760 -14565975 48717204
14545752 73390701 -66501925 45466958 31022378 33300463 24388222 -1789248
-81788177 -21291447 2388508 65816431 -72511592 -17192961 54722172 -25070656
-27114323 -30291019 -98155095 45321181 58581163 -39355068 26372229 96208902
39223597 -39540504 39956424 -91642883 36121299 19601135 -59314471 -2269129
92903808 -61958271 45125981 -43179450 70850176 -92286682 56090563 -19525222
74467648 49810191 59362846 -38231464 -64146049 72135639 -8977540 87635544
27194597 52749742 52546046 -34767425 -36666666 40112843 90136040 -46099180
-52981528 -62710827 -93756640 -29437118 93344039 16031105 62089453 -1389312
-61976976 -95342363 72912623 89446679 37681058 -2098378 4079168 -34827641
13618417 21370126 70853533 -91229028 1282085 -35396307 60354951 67087957
69437036 52320879 -18837481 83371556 67055089 75452953 -65602464 -47209036
-52094311 -8774840 -90197922 33561002 -98530043 -14472319 -12869261 -41563457
87720738 -39247843 -76254489 -68803687 99223016 1575781 -50045514 -70707025
-51329426 -12626314 51614157 41963207 69259310 81365067 52618734 82414778
-23065778 -60844598 1125845 -58976841 -65131415 78717896 31555599 -37429930
70260100 20121658 41540989 -53544103 -11900457 70518165 -36297599 -71909265
-65760613 12416990 -78949766 -59470073 -59141818 29158637 67864940 -32138746
2366393 -48130456 34700982 -20318598 -76161204 -7565671 -16468346 -33459379
38606425 -72612700 -43373220 62314554 84401835 -53892421 -76432043 -90997159
29196558 61175440 -39063788 -20898642 60034791 -96501412 41193431 -21847591
-76328716 23523421 7723819 -43157680 60314833 12088807 41556595 47775584
-28709538 -66735409 38656765 82999040 -55983087 -48125804 -61268726 -22174229
-63409996 -24999632 7849472 -39287757 13891384 1387846 -56311100 88131808
-11150968 -87952608 11333368 -20317258 -31777576 -11236418 7826463 -1132195
10676113 -43451427 -43989882 315374 84710509 -73310667 6225787 -73482382
-14169296 8851195 -8975908 51137244 7450813 -59431084 64985927 -22677638
22444165 83110441 -57488647 -14965577 -4350885 -19518813 64261024 22283437
-20165479 19592011 67993287 48267440 -99244562 -38126147 -20446841 82526879
25438127 -60211040 -27677073 87468340 95864078 38415899 -6884739 -90099330
68774580 -18668146 74881539 -94959812 -89636246 -7448345 -19319006 -51719885
-52938535 -65988994 57238576 -14888017 -53747772 -77207961 -96781311 -69805075
-7712451 33726680 -79519148 -34881503 -41303954 57958347 -74237820 -76043150
-70701965 8497213 -74300884 -32338147 68245989 77517587 -18541716 84028265
-10004821 -67389317 16259842 -85682739 5599648 59220835 11919683 87282866
-61088983 19713172 1205975 66744431 4635277 94441176 36274650 2646088
-63429730 -57871999 -4819210 -37862603 17935046 -72003236 51204624 -89183767
-44430326 50924688 75742152 1866540 -33147462 -86980860 -19965875 -30456123
52552721 73210310 95116803 -86358455 6532196 88901428 24595277 33066713
-78193004 -66802014 -73792520 38982873 -43247629 -40982252 19321573 -65143141
72222563 23053028 -68908418 26117988 -17663204 -80679114 -33906782 -38001585
-18593941 5443609 58747587 54674959 83478682 -89946857 20430327 -74108124
-60320954 -68337902 -85808290 31424966 99324372 22633104 96113891 -52331158
17532724 62114077 -59669599 -15262940 -98210717 -87778250 54063861 96551925
-68396885 40885293 29643977 43799509 81927558 53916137 87207080 33231835
7117091 33118388 32235486 -98911413 -69846160 69920317 49588030 -88246148
12767658 -99684396 -696173 -74909727 -55173963 87896606 -64467514 -50410542
26939137 83422740 -91414737 20222719 78990484 81356158 -39790869 -30815691
51379747 62195661 23071843 -57406611 -19590834 76630817 -56035682 -14237092
-55544983 -19040125 -75692125 -33794016 90397618 95025304 -82484999 47612407
-87473954 -71423452 71969401 -98526321 12917922 28973588 51725888 -56293491
5352807 -19945482 -83139628 98504817 45330874 -33015639 54241350 25760933
-27090744 -36948823 -50291161 -32041821 -53151527 6994641 31344686 36136841
56351285 -86459081 80635255 63866162 63588730 69326502 -40808160 31913833
65907738 -39027144 7696672 50413936 -90613243 -41264548 56266386 -77593841
-89530227 -20634666 37240582 -99645352 59770445 -54540500 40432034 77470656
26718524 -1453059 93296728 27346441 45316464 49556822 763933 5531404
-2768138 -64167440 -54877607 -622997 48338332 87859725 -19882222 36026304
-79137322 -15053461 -67402922 -15641983 59287688 -96172587 16374176 -85826197
6784790 -72697321 -42511595 67483139 69754059 30990038 76366395 10891784
-26891116 -96835401 -62852363 -34958211 76029773 31845398 86597368 -83649085
60208922 -97834733 -46817926 73554196 -86386942 -43110617 -25932174 -77389952
99247555 -98785723 79491969 -25176094 -87137579 -43925983 -81817033 22891110
82172765 79122924 -79438349 18013785 -7931583 33280794 35777345 66241823
-40533836 34230608 -73731882 45173733 50712087 -84924011 59996530 -10982721