1000
2013243296
483761320
-1310047416
-515033196
-1737734918
-754448448
743837184
-1947866281
-1091892724
1812040704
-975963275
-326894408
517955008
-986160496
-1532527584
732817838
-1189650548
-1325748878
1167915792
-644903002
1284427152
1706576528
1910168270
-1124231268
-498892304
426105713
1957440640
-189333176
-1049856940
-1271701642
-1614993208
1501030064
-209720768
1038681186
-1926049360
-1547800104
928664768
-238947652
-1407340536
297988790
307344972
-1603657280
625721360
1058519212
-1501400971
-941902865
-2135180293
-149013664
1003310030
1783778436
-1871611532
-316086691
910357972
-697186529
-2089570000
-1383622708
878305889
1742012733
886857484
1516581888
1613338118
-888545514
-2030253348
-2013360448
-870908920
-2133273477
-852588448
485181504
-2121747284
731848920
1523682409
-1684235852
28723324
1504303408
1230677492
2093524258
-739355870
-151531944
-929381906
-98173092
-382292352
-1550893746
2042763644
268960152
-592352525
2031419295
-1180996500
-1495961152
-164846848
-1831588496
-923974168
-1176366748
-150732395
-1795264512
-1990620412
-263943280
1247936376
-1737910224
-1970276262
-153338035
1316104648
-1592317910
1001878128
13001470
-525813424
940317168
1074899586
-1778322230
681486972
-1757572056
831558525
1130210759
2058869504
-692429600
-1647746576
1302877320
-89740480
-1292921732
1004979220
-2032683873
1011105681
-1523286620
1232617588
-1787651584
1832374312
2077647572
987062160
1893324183
-2006638216
-1541451952
-1568732800
-781365604
86103582
-1976039680
1771388455
-512696520
477982018
1476003560
1218889084
-1182194848
33532696
701822529
-201159680
-1968571794
99713664
996462852
-1310977680
993108000
-1136733120
1334732390
-1569510400
1757554384
-2079173216
-77884256
-936975972
-190084458
1826581376
-271018224
867030976
-845263080
438913456
504688352
1598471616
-88469240
-892569624
1289913742
-1889430656
-94778224
1285287850
-1416539196
2127381528
1724206336
-1457276757
-541591436
590518272
549843936
674062320
-456414552
-1472110256
-589047512
-1562500206
-1795812108
1542660402
306743932
-1096267155
1885096072
-2092621408
1874208912
1179333396
777765038
-1903750016
-722108992
-1909357735
-1683600292
448649327
1558949244
-1687415360
973997590
-1544189032
-212213824
-963645216
-1066515968
1942335776
886030662
-2109851584
-1377241352
-633902574
1911152862
108884901
-1993065654
2000925594
-2145096000
-227752280
1228607134
-936458008
34983064
541464710
2106112320
-1246483926
2072283224
554081604
280048696
1362739968
-1386376850
-1497140216
978792640
-254345367
-46022294
864908473
-929716712
163789988
1710043648
1002824456
-1013098860
1230417728
1460498768
-1519849788
-113346036
-1579905616
1383670584
537984336
-947900974
1132587746
1125894000
1879049650
-2074195328
638422838
-61896220
-298359179
-462377390
-166328488
-1409012560
-934295267
587330452
1749511074
1752216344
2113584192
-439149024
-1444304737
-1555126912
-286137796
-590573904
-2128288946
-1472221772
-480137432
-1831925600
374195712
477763056
1450598944
-728822584
-599924832
874168240
-1068096158
1192051712
1221506930
956289526
-1618677332
-1459868672
-997305676
2147452448
-1193828136
509174080
1354080790
-1470266696
1998639606
-70465478
1541319056
-1108191584
-135654720
23076876
465046404
-1522499386
-1830655149
1183409124
1654564090
-1231057816
-1271079848
216002914
194254297
1892942410
115039488
-1850699988
741760400
-630505414
1932741920
-1561014144
856017728
834672128
-1484840438
1484821936
-1536666624
-1521620588
190456905
363150320
-87358288
-45898960
-451651856
-135665756
-109446800
-1909213382
-1460916672
897755152
153066006
-1099805792
199522946
-248826952
1762439796
-1420126987
2076107484
-283548728
-1955512236
-64615744
2008121888
1557979392
583240112
1833954784
1587818560
-688849248
2003272875
-1140303823
-57752496
-600245248
415649680
743525591
-1192029494
-1619471710
1168268974
611406978
98587264
-953726202
-2124272982
-544208374
-4656338
1933476860
-1063673668
-771754864
-295104432
-138351449
-1423873972
-2007502496
-1188058920
14785519
-1332439449
1725748002
-1663932356
-2103967744
1031158828
-1723940824
77599172
-1020185812
2045768464
141691340
857758536
-1529292046
1942231982
607795790
1153019479
1641621985
-1054447708
1238186608
1153451580
935578193
1959491508
1494157562
-1799013443
628699338
-1313973910
-1985475424
-1826095808
-1968059763
201512432
175642772
-1280642866
-453767712
-627458742
1777845880
1916804862
-514018294
-1173952064
1706930182
1819250932
17319308
-733614724
-812774240
1838897460
1585236226
-1337454898
-239205463
-281029088
-1333608768
-390907392
-1059847168
-635862756
863055752
-204992024
486558757
-1120921834
-1016017968
2091543172
1543477546
-1049042411
628995394
-1982228906
-932432397
-1549634506
1049775824
1836964572
1192593280
673511696
2024684814
-1783112736
796623560
2107806878
1939755212
177487480
-1523160769
-747552624
-433193254
1367178898
857784784
-722469899
-2008750864
1217395352
884550926
2144127025
1427631146
829419282
401289144
685758986
-551866496
1624503264
1136419400
855470526
-1239361580
1007851753
1728234328
1623056320
-1069607120
-1755188256
-233634974
-787510584
970571288
867278614
2041952734
-1093656517
-643596496
-267807584
1017070748
1409403836
-214199885
-1931296350
-1898731792
-643090218
-1317912391
-149845086
1774220916
1667155736
1115793640
-600722421
-475531136
1817639744
1357711805
-1771459656
1821420312
1661752032
-1317831910
1519633854
103267768
2130778640
928968000
2020587756
852758576
712355384
422294871
-1707879152
2028366656
1858927798
1749079176
-752092864
88112056
397320312
-1875416576
1997869104
486221085
-1472862931
1148022792
-56824256
118586032
1960537960
-233326368
300243712
-797241120
-380557024
869458560
1068325680
-9758868
1325728136
-994232776
-217700400
189227200
15169604
2139556752
1839082408
-730513116
71540876
-2088645832
-975328662
-1550914954
884281680
-313477728
657735552
-1573695904
-1851144820
253916336
1405615040
68029451
-698225144
119725118
-768018429
1949259688
488888832
1559231740
1257012728
554556820
1342883736
-970850432
1569891105
1500362848
586032288
-718272835
-58128672
-755090587
-129186884
-307490110
1769288098
142384056
-498412977
369356704
1518316768
177058906
1770223376
747288112
-37206352
395232204
-801224640
8539468
87656498
-486859510
-1290736783
754917664
-1712715276
1642923640
1980127812
-1011313192
977436540
-311523976
1534614700
26461732
616275216
421702096
1804694840
-1666117804
-659637048
834178944
-1209091876
-1521085728
840693556
1467843650
540574521
-1890683379
641529501
-2007867383
1376861376
-686106384
172996608
18408952
-890592526
1697486630
-2026084720
-820222777
397072154
-960153800
-298525216
-2113302307
-2130959312
43280293
1591658664
-1286287982
-290827988
1750335712
-703450544
330192528
468168136
-1069475896
-1741431483
-1103157684
-1889372256
903584896
134146112
-1336895719
-1447939294
389680550
-1572161728
1225462038
-1223367968
-1127383604
-1509924288
520141984
-1806614820
1276979888
1258224960
-1875914786
-1353030911
129687328
-772598328
-294167754
-160646840
-557803676
140309732
-1225996728
359546041
-1304774396
-1357106788
1699477696
1156518913
697616334
-541727776
-602647988
1789639834
1416689996
-1253348688
-750565128
-520166160
-1013508420
1552805632
343416067
314084560
218896582
1017350720
-1346077672
598194624
-1931771352
1012158326
-1237655008
126356064
1389435416
337352660
789968214
-2082591250
379678246
-651630672
1180527424
711809172
713970810
-1511047656
157734734
960643328
1946724944
1580221825
970444772
-1226947646
-1562583032
381670344
1546259296
1998890004
-410881536
-2036840064
372395140
-1306005460
-741310771
-973463488
1743960764
1280755604
-1381942348
-2143562024
-1496601375
-1322083005
1736614594
802368
-1541726323
-819775680
561045958
804061524
-508401098
-2021735056
528058408
1202460608
1679542320
1678158608
1063230720
1805653546
-2068831730
-1855581120
-59413360
2132979468
-1105127154
-576249810
-1876079208
1083713690
328413376
-1782396132
1154772880
55070044
1049261658
-2062984992
-1262785738
149591457
588093132
693491994
-1156130896
521653552
178129572
-1308976822
372980104
1072253854
-1292164834
2086350754
-341603792
1421222912
395515384
1050625472
-1059580032
-424271360
405009808
-792312456
562317920
-2119557896
1551968510
1246801040
-1421622224
-1376763093
995061439
-720925708
1206832704
959057008
-668181715
1879040692
-1878689926
-75861940
1802977536
592577317
-1333722726
-1414853292
-812986194
1512298775
-1009356196
282690616
-160609008
555286736
839486552
1729156224
-543242438
1816950272
1074870494
-430803168
211438252
1683670208
1215879104
-98156022
-1940959424
-1214143470
-1726323040
493607675
-533530112
-1089537522
204853028
-1045820496
-68632719
1295827066
1459860611
-795028368
-2017879192
1731952296
-39533690
1892727808
1372172719
2142274584
1557203498
685652620
-2069587640
-602304136
2029753846
282449352
-1479560860
-129175847
-259622032
-1429125408
-97085452
118065088
-195165888
239012176
-1211982840
770688128
1694057328
-615017079
1879384868
1839340472
-845346992
1239014083
-948142128
-445264304
-673047688
-533293175
1312105568
-413102119
1257716432
1921015754
-541303818
-2101676664
-188034632
257571596
1827652096
1831500816
-1504310235
694496448
-873789496
1632836292
-1615587759
945768448
1192481580
-1861924490
1537248164
-1400518216
-1923573600
839515928
-582659634
1628483614
694336424
1730889768
-1462392649
-919763808
-1759988096
-1550815280
613076464
959218716
1585755936
1763731542
-1161202882
1691308268
-1687905845
-530701936
295327128
-365078908
1950634832
-834301108
-1803703420
154833376
1970721672
-1440277762
523805952
-13003368
-1918591332
-649893026
2008402944
43756832
2121795392
730565088
-829971931
-200361184
-1283139168
-1942990876
1932317168
-1244095736
1259264801
-2095655942
581961868
1195596696
-1046899008
1514777497
556328740
1627319560
1877973418
1163599236
1850009858
2064457440
672618888
1618729881
-1866494624
1649729680
1179461168
2137187600
-804351925
-456873800
1306730976
-1564413616
1338559104
287614480
1931800560
44499516
1253310208
321225707
1394832392
-2129693212
-1008726112
1340812422
1453355612
-102174831
-140329120
1737360504
1586318801
274984544
-449963496
631435767
-350134964
1529005184
-7863768
1333237305
-457659620
1871232226
1309069064
-179098784
-2055877280
51652123
1181669040
1594512680
59005826
-592405632
923206636
-56118104
-1567687218
1469403168
636079428
-952904710
1261910656
-317295498
1322835822
-1155288620
-1938251392
-1424516446
352516672
-2003520952
-1203458864
-1215469883
395738168
1815488286
314535528
2076703747
1674733810
-710057252
1264346308
-750503270
-1112570992
-1997944257
-1620528904
-147727028
-743930398
503735914
-247994016
1967159032
-1361402624
-867782196
-572817664
-1579235640
-1131577782
-1023728288
1828279680
-1611976074
1457862280
1520778239
1716596152
520149592
-1333547904
-736991168
1508245386
-4743498
-1133282689
-89745436
1129203880
369325616
2025026508
1025297408
-232629628
1348043972
-1961564304
-1703453568
-495025122
-1734330070
694633068
1153904876
-1032632320
